¹²³

'mmmm mmn

2) 11111111 111 einnonem, 8111 111 11111111 15) 11111111 111111111111111111111111111111213
1111111111111111111, 11111111111111 dung, 11111 81115, 1111.3; 1215 111111.,10; 1218; 1218
en 0. April 1280. 111 111 111 8111111 111 11111 111110112288111.2,1211101111.1.,129,133,
1111111111-8111111111111, 11 genennt 1111 1111111, 188ς111.815; 111111, 11111. 1111111111111111 1111.
7111111 11111111 1111111118111111111811111111- 11., 133, 1118113, 111111111111 111. 128. 8111111
1111, 1270 8111111111 1111111111 (1111111111111, 11. 1232 Sept. 15 111 111 1111111111 1111111111 durch
158.) 11111111 1111111111 Theringen 111311111111111-

3) 2111111. 1111 111111111111, 11111111. 111, 1111111 11111. 1111111111, Neve 11111111 1111111111
153, 11111111111111111111(1205)1118111171111, vl, 18 11111 1.
1111111 1111111111111121111111111111111181111· 18) 11111111 Heinrich 1.; 1111 1217 [venel. 1111111
11111 11111, 11111111 11 11111111 111 1111111111, 111 1112111111. 11111111 1111111.111111.11.11111 S. 3211.)
1111111111, Nonne 11 111111111111. 17)1111111111111111111111111111111111111111111111.

1) 01111111 111 1111111111 1111111 111 Nemone, 18) 1111111111111 1111111111 11111111, welche 11
7111111111 8111111, 111111 11 1111111208 1111111111 (1111111111 111 1310 111111 1111111. 1111111. ,’,1.
1111111111 1111111111111111111111111111111.0. 153) 11 rnen 11 11111 111“ (1111111. 111 11111111) genennt

5) 11111111 111111111.111711111111111111210, werden· [WL ⁰0¹· 2111011181 ¹¹⁸⁰ss (111 ’10111118
’ 1111111 1111111111111 11111111111 111111 111111 d⁰¹l¹¹¹¹²⁰¹81³⁸1⁰⁸⁰¹¹⁸05⁰·[¹3] ’

1 1111111111 1111. (11111111111111111 1, 113 111. 1: 19) 1111910Ιᾶ 101 (11110 (1112011211 1111111101
,11111111111111111111“, .11111126,Αρήι; ‚0 ,ach 11111111) 1111111111 1107 111 11111111, Unknndenbnch
nmmwmmwmmmmmsswwfflwwwfflwfflwm

11111111217 (111. 11111111111111111111111111 p. 35). (11111111 111 (lente) 1111111111 1111111111 1111111111
6) 31111111, em 2 1111111 annornm) 1111111111 111111111811111011111111131111111121511113. ·

111 3111, nn 11111111 111 21111 11 11111 11111111 8111111111 .

7) hunimundo, 1111111111 amu meningen, 8111111111111111,(111111111111111111.11111.111.,130.)

1111111111111. 20) 11 11111 1111111111, 111111111111111111111111 ·
8) 1111111111, 1111111111 11111 11111111111111 111 111111111111111111 111111111111 (Mes. 11111. 111. 92

1111111111 11 111 11111. 111 11111111 8111111111) 1111111111111, 111111111111

8)1111Ν1111 Wydernld 111111 111 1111111111111 einzelnen 1101111111 soluendo Verso:
1235 einer 11111111111111. 111111111111111111111 1111111111 ‘¹5⁰⁸ 01111ιίιῃιι ¹ '¹¹¹⁰ 1100111·
81111 11111111 111 1111111111. 111 13. 1111111111 1111111111111111111111111111111111111111.
1111111 1111 11111111111111111111111111 (12171111 Muli! prime necet, annn 1111 cuspide 111111 111.
111 11111111) 11 111 1111 11111111 111 1111111 1111 Aprilis decim· 1111111111 1 dne 1111111.
111 11111111111111. 111111 1111 11111 werde 1273 ’111111111111111111111111111111111111111.
11111 111 1111111 111 11111111 11111111. - nn 111· ludive undecimo quindeno 1 fine resultet.
111111 111 1111111111 1219 1111 10 111 0111111, ’1111111111 11111 decimo 111111 ente 11111111.
cod. dipl. IV. 851. ⁵ eugeni prime 1ngnt, de 1111 secunde.

10) 1111111111111111, 1111111 1111111111. 11111111 Τθῐῐῑ· 3011011111 111111, 111111 pede denenn
111111111, 111 111111111111 111 1111111111 1111111- 7111111 011111111111111 1111111 111111 111111.

1111111111111111. 1110-1272. 011111 Novembris 1111, 1111111111 11111111 1111. .-

11) 1111111111 111 1111111111. 11111111111111111111111 111’ decemque 1111111111. -
12) 011111 111 8111111111 1111111111111111111 11111111 1118111 11111111111111111111 1111111 111, 11
1218 111 1111111, 011111111111111, 117. werden doeh 11111111 1111111 1111111111711111·
1118111111111111111111. 11111111, 111 11111 11111111 werden 1111. 11 111

 

