1111111111111111111111111111111111111111111111111111111 11111111 ,,9. 1111111111 111111 111111“; 11 Heinrich

,,1111111“,,11111111“ 1111111,1111111111,,111111111“ 111111 11., 111 1111111111 111111 111 911111111, 111

11111 „in 1111111“. [11.] 12. 11111111 11217) 111111, 11 111111111111111 1111
21) 911 911111111111 111 1319 (1.11111 8. 61) 1111111111 11111 11111111 1111. 111.)

ιιι-

91111111111.

1) 911111 columne 11. Ζ11119 111 11111, 911. 111. Ζ. 11 12) 9111193 911111. Ζ. 6 1. o: 1111 111111 11111 111111
1.1.111111111111191111111111111111111111111111 13) ,, 91 ,, 11. ,,161.1.111111111111111. 111
1111 611111. 1111 11111111 1111 12111-16111.) 111111111111111111111111111111111

2) 911112 911. 1. Ζ. 1 1. 111111111111111111111111111. ij 1111111 siliginis 11 11111.

3) ,, 3 ,,111. 1111111 11111111 Ζ. 19-211 11 11) ,, ,, ,, ,, Ζ. 21 1. 111111 8111111111. sigfridus.

1111111111111111111111111111111. 15) ,, ,, ,, ,, ,, 39 ,, ,, ,, .
1) ,, 5,,1.Ζ. 161.1.;11111111111111111111111 16) ,,96 ,,11.,,17,,1. ,,11111111111.111111111.
(11111111 1111111111 111). 17),, 97 ,,,,,111 ,,111111111,, 1111111111.
5), 7, ,1.1 Ζ. 12111 11111. (11111111111- 11) 1,,91, ’,111 ,,,,16,” ,.11 ,,111111 ,, 11111. ’
1111111111.19),,198,,1.1,,,1,,,1111111 ,,1111111. ,
6), 77, ,.11 Ζ...;711 111111111111111111111111. 29),, ,, ,, 5,, ,3111111111,,111111111.
7 ,,89 :sz Ζ.151.1; 111111111111111111111

,,.11 „wemmam 111111’ 11 1111 11111111 S 119 111 129

90 „lv 2013 ,Ι o.. 15„ summm ,mg 11111 April 1.]111111111111-9111111111111- 19.
1111111111 1911111111) (111111Ξ111111)-23. 6111111111.

8

,,27,, ,,,,1111111 111111 11111111111111111111111111111 111111 11111111 911111111111111

91 ,,,111.,, zu „3:„08u n i 3111 11111 111 zeichonu? 1111 wohl: 9111111111-11.1.11111111-111111 ’
1 1 1.

),,
),, 39 ,,.1111111111111111111111111111 -2111111111-.19111111111111111111. 111117111-
33:

11111111). -·

 

 

